  32 27 30  87 14 32       1.293 
  34 17 16  85 58 08       2.017 
  33 04 17 109 51 53       0.358 
  36 04 17 112 09 13       0.099 
  31 57 02 112 48 00       0.043 
  33 36 18  92 05 50       1.682 
  34 10 46  93 05 55       1.623 
  36 05 02  92 35 13       0.786 
  36 06 02  94 10 24       1.536 
  34 12 26 117 45 40       0.238 
  39 00 17 123 05 05       0.209 
  33 18 32 116 51 14       0.282 
  36 34 03 118 46 37       0.149 
  41 45 57 122 28 42       0.063 
  34 48 22 119 00 41       0.224 
  38 32 07 121 46 30       0.143 
  37 47 49 119 51 30       0.192 
  37 26 29 105 51 55       0.126 
  38 07 04 103 18 58       0.275 
  40 03 19 105 35 18       0.568 
  39 59 38 105 28 48       0.401 
  37 11 56 108 29 25       0.526 
  40 30 27 107 42 07       0.269 
  40 21 51 105 34 55       0.063 
  40 17 16 105 39 46       0.475 
  40 32 16 106 40 35       0.694 
  40 32 05 106 46 48       0.763 
  37 39 35 107 47 57       0.575 
  37 45 08 107 41 21       0.486 
  39 06 04 105 05 31       0.297 
  40 48 23 104 45 17       0.372 
  29 58 29  82 11 53       1.483 
  28 32 34  80 38 40       1.613 
  25 23 24  80 40 48       0.366 
  30 32 53  84 36 03       1.041 
  27 22 48  82 17 02       1.038 
  32 08 28  81 58 17       1.644 
  31 13 31  81 23 32       1.322 
  33 10 40  84 24 22       1.443 
  31 28 23  83 31 59       1.168 
  43 27 41 113 33 17       0.193 
  46 37 40 115 49 10       0.192 
  43 12 19 116 44 57       0.114 
  44 17 52 116 03 49       0.160 
  40 03 12  88 22 19       2.805
  41 50 29  88 51 04       2.887 
  41 42 04  87 59 43       3.288 
  37 42 36  89 16 08       2.505 
  38 38 36  88 58 01       2.177 
  37 26 08  88 40 19       2.479 
  40 56 00  90 43 23       1.641 
  40 50 24  85 27 50       2.493 
  38 44 27  87 29 08       2.911 
  41 37 57  87 05 16       2.911 
  40 28 31  86 59 32       3.059 
  42 54 35  91 28 12       1.844 
  40 57 47  93 23 33       1.914 
  37 39 04  94 48 13       1.571 
  39 06 08  96 36 33       1.291 
  38 40 18 100 54 59       0.513 
  37 40 29  84 58 32       2.518 
  37 04 40  82 59 37       2.023 
  38 07 06  83 32 49       2.440 
  36 47 26  88 04 02       1.979 
  32 45 05  93 03 02       1.345 
  29 55 47  91 42 55       1.827 
  30 48 41  90 10 51       2.130 
  44 22 26  68 15 38       1.682 
  46 52 08  68 00 53       1.102 
  46 39 17  68 00 32       0.959 
  44 06 27  70 43 44       1.090 
  45 29 21  69 39 55       0.868 
  39 24 32  76 59 43       2.625 
  38 54 47  76 09 09       1.780 
  41 58 33  70 01 29       0.971 
  42 23 33  72 20 40       1.825 
  42 23 02  71 12 53       2.228 
  45 33 39  84 40 42       1.476 
  46 22 27  84 44 29       1.368 
  47 06 17  88 33 05       0.248 
  42 24 37  85 23 34       2.683 
  44 13 26  85 49 05       1.925 
  47 31 52  93 28 07       0.867 
  47 56 45  91 29 43       0.620 
  46 14 58  94 29 50       0.462 
  44 14 14  95 18 02       0.884 
  32 18 24  90 19 06       1.788 
  32 20 04  88 44 42       1.894 
  32 20 05  89 09 57       1.184 
  34 00 09  89 48 00       1.850 
  38 45 13  92 11 56       1.801 
  36 54 39  90 19 07       1.930 
  37 23 55  93 02 33       1.682 
  45 34 07 107 26 15       0.248 
  48 30 37 113 59 45       0.088 
  48 29 57 109 47 51       0.149 
  46 29 07 112 04 03       0.217 
  48 29 19 105 12 30       0.340 
  41 09 11  96 29 34       1.191 
  41 03 33 100 44 47       0.449 
  36 08 09 115 25 32       0.137 
  41 16 59 115 49 36       0.118 
  38 47 57 119 15 24       0.091 
  39 00 18 114 12 57       0.220 
  43 56 35  71 42 12       1.799 
  40 18 54  74 51 17       3.333 
  33 13 13 108 14 05       0.589 
  35 46 54 106 16 03       0.382 
  32 54 34 105 28 14       0.477 
  36 02 27 106 58 17       0.234 
  36 46 44 103 58 53       0.292 
  42 44 02  76 39 35       2.509 
  42 17 58  79 23 47       2.641 
  43 58 23  74 13 23       1.783 
  44 23 36  73 51 34       2.176 
  41 21 03  74 02 55       2.929 
  43 31 34  75 56 50       3.345 
  42 06 23  77 32 09       2.101 
  41 59 37  74 30 13       2.836 
  36 07 57  77 10 17       1.869 
  35 03 38  83 25 50       2.258 
  35 41 49  80 37 21       2.107 
  35 01 33  78 16 42       1.431 
  34 58 15  79 31 42       1.897 
  35 43 42  78 40 49       1.936 
  35 44 07  82 17 10       2.249 
  47 36 05 103 15 51       0.041 
  48 46 57  97 45 15       0.411 
  47 07 32  99 14 13       0.332 
  39 31 53  84 43 27       2.207 
  40 21 19  83 03 58       2.064 
  39 47 34  81 31 52       2.813 
  40 46 56  81 55 12       2.663 
  36 48 19  98 12 02       1.044 
  34 58 48  97 31 17       1.290 
  36 35 27 101 37 03       0.611 
  44 23 13 123 37 23       0.513 
  44 38 05 123 11 24       0.221 
  45 26 57 122 09 12       0.492 
  43 07 18 121 03 28       0.070 
  44 12 48 122 15 12       0.306 
  43 53 58 117 25 37       0.092 
  45 13 28 118 30 41       0.082 
  40 47 18  77 56 45       3.218 
  41 35 52  78 46 03       4.402 
  40 39 27  77 56 23       3.749 
  41 19 39  74 49 13       2.690 
  33 32 22  80 26 06       1.461 
  44 21 18  98 17 27       0.605 
  43 56 57 101 51 30       0.267 
  35 57 41  84 17 14       2.457 
  35 17 05  86 54 12       1.612 
  35 39 52  83 35 25       0.523 
  35 28 04  89 09 31       1.423 
  33 57 28 102 46 34       0.974 
  28 28 00  97 42 25       0.909 
  29 18 08 103 10 38       0.089 
  29 39 41  96 15 34       1.166 
  30 15 41 100 33 18       0.639 
  32 22 53  94 42 49       1.918 
  31 54 30 104 48 24       0.588 
  31 33 38  94 51 39       1.148 
  33 16 24  99 12 55       0.734 
  28 50 43  96 55 13       1.338 
  33 23 30  97 38 23       1.201 
  37 37 07 112 10 22       0.308 
  41 39 30 111 53 49       0.326 
  38 59 54 110 09 55       0.249 
  41 21 27 111 02 55       0.158 
  42 52 34  73 09 48       2.104 
  44 31 42  72 52 08       2.115 
  38 02 26  78 32 35       2.289 
  37 19 53  80 33 27       1.374 
  38 31 21  78 26 09       0.487 
  36 38 20  81 36 21       2.194 
  47 51 36 123 55 55       0.651 
  48 50 36 117 17 02       0.218 
  48 32 32 121 26 45       0.570 
  46 50 07 122 17 12       0.454 
  46 45 38 117 11 05       0.173 
  37 58 48  80 57 00       2.179 
  39 05 23  79 39 44       3.036 
  45 47 47  88 23 58       1.018 
  45 03 12  88 22 22       1.124 
  44 39 52  89 39 08       0.936 
  46 03 10  89 39 11       1.082 
  42 34 49  88 30 01       2.147 
  45 49 22  91 52 28       0.811 
  41 22 34 106 15 34       0.524 
  41 20 25 106 11 27       0.372 
  42 44 02 108 51 00       0.291 
  42 29 41 108 49 45       0.334 
  42 55 44 109 47 12       0.223 
  43 13 22 109 59 28       0.243 
  43 52 24 104 11 32       0.229 
  44 55 02 110 25 13       0.019 
  45 04 34  72 40 32       1.946 

